
10

0

10

0

10

0

10

0

10

0

10
username

0

10

0

10

0

10

0

10

0

10

0

10

0

0
root

10

0

10

0

10

0

10

0

10

0

10
password

0

10

0

10

0

10

0

10

0

10

0

10

0

0
root

10

0

10

0

10

0

10

0

10

0

10

0

10

0

10

0

10

0

10

0

10

0

10

0

10

0

10

20

0

20

0

20

0

20

0

20

0

20

0

20
---Enter---

0

20

0

20

0

20

0

20

0

20

0

20

0

20

0

0
Assg1.xsm

20

0

20

0

20

0

20

0

20

0

20

0

20

0

20

0

20

0

20

0

20

30

0

20

30

0

20

30

0

20

30

0

20

30

0

20

30

0

20

30

0

20

30

0

20

30

0

20

30

0

30

0

30

0

30

0

30

0

30

40

0

30

40

0

30

40

0

30

40

0

30

40

0

30

40

0

30

40

50

0

30

40

50

60

0

30

40

50

60

0

30

40

50

60

0

30

40

50

60

0

30

40

50

60

0

30

40

50

60

70

0

30

40

50

60

70

80

90

100

0

30

40

50

60

70

80

90

100

0

30

40

50

60

70

80

90

100

0

30

40

50

60

70

80

90

100

0

30

40

50

60

70

80

90

100

0

30

40

50

60

70

80

90

100

110

0

30

40

50

60

70

80

90

100

110

120

130

140

0

30

40

50

60

70

80

90

100

110

120

130

140

0

30

40

50

60

80

90

100

110

120

140

0

30

60

80

100

120

0

20

60

0

20

0

20

0

20

0

20

0

20

0

20
---Enter---

0

20

0

20

0

20

0

20

0

20

0

20

0

20

0

0
